30 0.4
50 0.7
70 1.1
100 1.5
140 2.1
200 2.95
300 4.35
400 6.15
500 7.85
600 9.65
700 11.35
800 13.15
900 14.85
1000 16.65
1100 18.35
1200 20.15
1300 21.85
1400 23.65
1500 25.35
1600 27.15
1700 28.85
1800 30.65
1900 32.15
2000 34.15
2100 35.85
2200 37.65
2300 39.35
2400 41.15
2500 42.85
2600 44.65
2700 46.35
2800 48.15
2900 49.85
3000 51.65
3100 53.35
3200 55.15
3300 56.85
3400 58.65
3500 60.35
3600 62.15
3700 63.85
3800 65.65
3900 67.35
4000 69.15
4100 70.85
4200 72.65
4300 74.35
4400 76.15
4500 77.85
4600 79.65
4700 81.35
4800 83.15
4900 84.85
5000 86.65
