30 0.1
50 0.2
70 0.3
100 0.4
140 0.6
200 0.85
300 1.25
400 1.75
500 2.25
600 2.75
700 3.25
800 3.75
900 4.25
1000 4.75
1100 5.25
1200 5.75
1300 6.25
1400 6.75
1500 7.25
1600 7.75
1700 8.25
1800 8.75
1900 9.25
2000 9.75
2100 10.25
2200 10.75
2300 11.25
2400 11.75
2500 12.25
2600 12.75
2700 13.25
2800 13.75
2900 14.25
3000 14.75
3100 15.25
3200 15.75
3300 16.25
3400 16.75
3500 17.25
3600 17.75
3700 18.25
3800 18.75
3900 19.25
4000 19.75
4100 20.25
4200 20.75
4300 21.25
4400 21.75
4500 22.25
4600 22.75
4700 23.25
4800 23.75
4900 24.25
5000 24.75